Sphere
50.00000,50.00000,0.00000
156.00000
Vector
86.00000,15.55918,100.00000
86.00000, 15.55918, 147.83041
-0.0, -0.0,1.0
Vector
89.00000,39.55918,100.00000
89.00000, 39.55918, 150.68507
-0.0, -0.0,1.0
Vector
11.00000,11.73806,100.00000
11.00000, 11.73806, 146.11989
-0.0, -0.0,1.0
Vector
19.00000,0.00000,52.35081
19.00000, -93.64676, 52.35081
-0.0, -1.0,-0.0
Vector
66.00000,0.00000,70.35081
66.00000, -88.31400, 70.35081
-0.0, -1.0,-0.0
Vector
100.00000,24.00000,61.00000
191.20552, 24.00000, 61.00000
1.0, 0.0,0.0
Vector
81.00000,100.00000,57.94370
81.00000, 191.48331, 57.94370
-0.0, 1.0,0.0
Vector
32.00000,100.00000,72.94370
32.00000, 186.71582, 72.94370
-0.0, 1.0,0.0
Vector
0.00000,50.00000,36.94103
-101.56306, 50.00000, 36.94103
-1.0, 0.0,0.0
